jet.colors [[0.00000000e+00 0.00000000e+00 5.00000000e-01 1.00000000e+00]
 [0.00000000e+00 0.00000000e+00 9.09982175e-01 1.00000000e+00]
 [0.00000000e+00 2.21568627e-01 1.00000000e+00 1.00000000e+00]
 [0.00000000e+00 5.82352941e-01 1.00000000e+00 1.00000000e+00]
 [4.74383302e-02 9.58823529e-01 9.20303605e-01 1.00000000e+00]
 [3.38393422e-01 1.00000000e+00 6.29348514e-01 1.00000000e+00]
 [6.29348514e-01 1.00000000e+00 3.38393422e-01 1.00000000e+00]
 [9.20303605e-01 1.00000000e+00 4.74383302e-02 1.00000000e+00]
 [1.00000000e+00 6.68845316e-01 0.00000000e+00 1.00000000e+00]
 [1.00000000e+00 3.34785766e-01 0.00000000e+00 1.00000000e+00]
 [9.09982175e-01 7.26216412e-04 0.00000000e+00 1.00000000e+00]
 [5.00000000e-01 0.00000000e+00 0.00000000e+00 1.00000000e+00]]


 [0.00000000e+00 0.00000000e+00 9.09982175e-01 1.00000000e+00]
 [0.00000000e+00 2.21568627e-01 1.00000000e+00 1.00000000e+00]
 [0.00000000e+00 5.82352941e-01 1.00000000e+00 1.00000000e+00]
 [4.74383302e-02 9.58823529e-01 9.20303605e-01 1.00000000e+00]
 [3.38393422e-01 1.00000000e+00 6.29348514e-01 1.00000000e+00]
 [6.29348514e-01 1.00000000e+00 3.38393422e-01 1.00000000e+00]
 [9.20303605e-01 1.00000000e+00 4.74383302e-02 1.00000000e+00]
 [1.00000000e+00 6.68845316e-01 0.00000000e+00 1.00000000e+00]
 [1.00000000e+00 3.34785766e-01 0.00000000e+00 1.00000000e+00]
 [9.09982175e-01 7.26216412e-04 0.00000000e+00 1.00000000e+00]